6
1
2
12 11 3 7 0 -1
13 12 1 7 0 3
tilted_haar_x3
-3.934044e-003 0 -1
-9.130435e-001 2.800001e-001 
1
2
8 0 12 14 0 -1
8 0 6 14 0 2
haar_x2
-1.954406e-001 0 -1
1.000000e+000 -1.096738e-001 
1
2
5 21 5 2 0 -1
5 22 5 1 0 2
haar_y2
-1.655012e-003 0 -1
8.323202e-001 -3.064291e-001 
1
2
16 1 1 16 0 -1
16 9 1 8 0 2
haar_y2
2.115400e-002 0 -1
1.381260e-001 -9.999996e-001 
1
3
0 2 2 14 0 -1
0 2 1 7 0 2
1 9 1 7 0 2
haar_x2_y2
-6.150476e-004 0 -1
8.603025e-001 -3.289276e-001 
1
2
8 5 8 2 0 -1
10 5 4 2 0 2
haar_x4
-5.107171e-003 0 -1
-1.000000e+000 2.912966e-001 
-8.990207e-002

11
-1
